562
786
551
446
771
363
325
39
955
95
160
818
67
177
924
532
399
140
327
320
267
990
831
62
935
22
980
640
378
504
731
125
512
427
232
726
725
811
353
374
304
747
171
201
443
253
858
477
959
223
873
528
637
331
490
283
456
778
565
185
501
400
550
945
10
842
480
813
459
714
568
751
666
915
723
399
710
344
504
891
634
374
976
81
246
681
904
89
890
95
261
59
336
124
463
736
553
302
77
104
836
717
819
990
919
26
155
27
480
366
631
331
805
706
174
884
535
111
128
213
848
513
256
484
803
814
530
603
532
870
284
792
26
476
475
283
23
583
980
837
351
280
607
331
952
514
763
740
361
803
948
308
438
708
81
150
784
674
316
950
763
368
373
465
949
195
170
424
543
354
789
776
566
867
613
816
408
451
923
689
350
537
72
666
703
958
880
92
762
550
897
764
996
37
876
223
985
756
20
740
718
24
163
480
566
789
483
373
928
487
492
249
811
417
336
453
698
503
643
744
642
909
66
948
629
526
675
170
259
391
660
706
113
555
861
540
898
498
834
668
149
900
572
10
266
125
800
233
375
901
